NC_010079_Staphylococcus_aureus_subsp._aureus_USA300_TCH1516__complete_genome
35869 36581
52489 52928
347929 348165
394887 395016
457926 458925
512695 517836
556206 556308
558661 562632
618454 618639
622258 622341
671637 671716
823072 823222
848390 848613
855730 855846
891668 891885
954499 954696
1072222 1072341
1098092 1098239
1380500 1380667
1426603 1427066
1457060 1457688
1654275 1654324
1722758 1723152
1768055 1768174
1774443 1774513
1873569 1873664
1910723 1912457
1942140 1942200
1995586 2003473
2031691 2031831
2041028 2041120
2175584 2175644
2179870 2181472
2247884 2248040
2292302 2297782
2807682 2807775
gi_225631039_ref_NC_012417.1__Staphylococcus_aureus_subsp._aureus_USA300_TCH1516_plasmid_pUSA01-HOU__complete_sequence
1 3125
gi_161510924_ref_NC_010063.1__Staphylococcus_aureus_subsp._aureus_USA300_TCH1516_plasmid_pUSA300HOUMR__complete_sequence
16736 17116
