NC_010079_Staphylococcus_aureus_subsp._aureus_USA300_TCH1516__complete_genome
24221 24314
35868 36556
52540 52947
68110 68547
69180 69253
76232 76897
110694 111978
134802 134870
159409 159686
169934 170527
205283 205347
262926 263227
270214 270424
289177 289564
292389 292463
318713 319182
336383 336485
341915 341989
344000 344339
346896 346955
347929 347982
350746 351690
354965 355832
360623 361245
365591 366004
380368 380451
394837 394991
405004 405093
430784 431396
457424 457798
474791 475083
494171 494299
501794 501963
512695 518552
556100 557001
558661 562632
579797 580093
597487 597547
606144 606221
618453 618662
622351 622750
640580 641015
666364 666420
671637 671716
705070 705225
800946 801042
801874 801944
804787 804843
823087 823241
835789 836172
842914 842993
848299 848613
855680 855803
891701 891973
952303 952768
954346 954551
1050330 1050407
1060652 1060967
1072247 1072348
1073608 1073673
1090442 1090866
1098117 1098240
1181810 1181878
1205015 1205384
1246425 1246824
1316579 1316629
1342719 1342806
1344393 1344480
1380525 1380727
1384797 1385066
1404114 1404308
1426544 1427073
1442468 1443016
1443627 1443709
1457060 1457688
1601243 1601546
1611465 1611728
1636403 1636620
1715720 1715878
1752280 1752728
1755541 1755911
1768092 1768174
1803091 1804994
1815287 1815349
1816369 1816504
1853332 1853382
1873594 1873969
1884397 1884447
1890503 1890552
1892561 1893420
1899210 1899273
1910723 1912457
1917847 1918355
1937606 1939108
1939756 1939873
1941500 1942200
1961666 1961986
1995586 2003473
2031679 2031832
2041053 2041130
2071575 2072018
2098989 2099044
2121760 2122063
2128770 2128822
2172098 2172291
2175584 2175644
2179335 2181697
2201933 2202132
2224051 2224475
2234540 2234593
2247429 2248041
2254754 2255031
2290743 2297782
2309484 2309634
2317518 2319379
2368639 2368850
2389148 2389213
2415474 2415585
2443731 2443908
2449948 2450026
2478298 2479044
2534655 2534727
2543853 2544207
2571839 2572235
2578979 2579063
2579644 2579693
2580545 2580601
2600655 2600763
2623426 2624841
2629697 2629929
2633219 2633475
2640179 2640358
2699189 2699328
2701538 2701754
2736532 2736612
2774871 2775485
2793113 2793183
2804585 2804807
2807681 2807750
2830349 2830449
2846656 2846717
2862324 2862994
2863799 2864146
2866824 2866877
gi_225631039_ref_NC_012417.1__Staphylococcus_aureus_subsp._aureus_USA300_TCH1516_plasmid_pUSA01-HOU__complete_sequence
814 947
gi_161510924_ref_NC_010063.1__Staphylococcus_aureus_subsp._aureus_USA300_TCH1516_plasmid_pUSA300HOUMR__complete_sequence
1343 1475
4329 4382
12502 13189
16379 17066
20388 21075
