NC_010079_Staphylococcus_aureus_subsp._aureus_USA300_TCH1516__complete_genome
24208 24302
35907 36501
37340 37469
52519 52968
65835 66280
66995 67344
76265 76858
110212 110504
111102 112771
128886 129029
169913 170116
302936 303105
318692 319058
344055 344360
345103 345212
347672 348522
350816 351854
394816 394962
469439 470043
470278 470475
512708 514468
517815 518313
556118 562107
613501 614411
617940 618913
621871 622731
671625 671686
705085 705187
800925 801965
811325 811459
842893 843000
848278 848617
875061 875543
891680 892013
906948 907006
954527 954632
1032739 1032847
1072194 1072302
1098081 1098261
1172455 1172515
1204994 1205340
1380504 1380748
1426542 1427033
1442989 1443730
1457025 1457709
1469930 1470084
1472762 1472962
1559126 1559520
1562449 1562507
1593112 1593199
1593920 1594190
1608231 1608754
1695102 1695200
1752689 1752742
1803227 1805015
1873590 1873990
1892678 1893441
1910702 1912478
1961541 1962072
1995852 2001824
2031621 2031853
2041069 2041199
2071704 2072017
2145597 2145678
2176345 2181577
2211179 2211267
2292206 2296128
2317516 2319261
2389060 2389234
2431724 2431909
2478378 2479014
2504846 2504958
2555262 2555593
2580523 2580729
2623952 2624338
2624654 2625007
2633215 2634048
2664884 2665108
2699193 2699333
2774766 2775582
2866800 2866898
gi_225631039_ref_NC_012417.1__Staphylococcus_aureus_subsp._aureus_USA300_TCH1516_plasmid_pUSA01-HOU__complete_sequence
1 3125
gi_161510924_ref_NC_010063.1__Staphylococcus_aureus_subsp._aureus_USA300_TCH1516_plasmid_pUSA300HOUMR__complete_sequence
12588 13122
16446 17011
20490 20932
