NZ_AKVW01000006.1_Rhodobacter_sphaeroides_2.4.1_plasmid_D__complete_sequence__whole_genome_shotgun_sequence
1 52
4904 5235
6982 8841
9681 9828
16433 19075
21544 21938
22971 23148
27587 27738
31091 31317
43074 43300
55524 56562
58139 60107
81700 82060
95094 100819
NZ_AKVW01000004.1_Rhodobacter_sphaeroides_2.4.1_plasmid_B__complete_sequence__whole_genome_shotgun_sequence
1 1519
55481 55849
NZ_AKVW01000007.1_Rhodobacter_sphaeroides_2.4.1_plasmid_Dx__complete_sequence__whole_genome_shotgun_sequence
1 13588
32975 33115
33663 42568
43043 43266
45125 46545
47625 48077
NZ_AKVW01000001.1_Rhodobacter_sphaeroides_2.4.1_chromosome_1__complete_sequence__whole_genome_shotgun_sequence
1 96
117146 117248
131015 131107
146793 147116
147770 148218
148505 149207
222550 222624
223096 223268
224089 224306
226318 226436
228677 229455
240681 241210
248067 248204
248961 249072
251560 252071
252612 253742
287667 288939
293480 293538
307459 307616
400932 401040
436079 436297
503864 504001
537547 537648
559181 559462
601495 601682
608636 608790
645860 647064
648483 648601
650736 651675
655421 656828
657895 658230
667544 668147
668901 668984
671905 672440
672993 673075
691853 692310
756730 756851
826409 826516
854808 854861
1012189 1012273
1037182 1037289
1119639 1119702
1195606 1195679
1199747 1199839
1256224 1256283
1287308 1287432
1384903 1385125
1396207 1396295
1415941 1416004
1435246 1436754
1533712 1533812
1550620 1550711
1583856 1583905
1678859 1678970
1716112 1716167
1931291 1931414
1998378 1998986
2034421 2034538
2041540 2041624
2048568 2048650
2049779 2049912
2068876 2068973
2130571 2130679
2166735 2166798
2176246 2176940
2260117 2260189
2279603 2280197
2283779 2283893
2343539 2344088
2384918 2384975
2412444 2412496
2457127 2457324
2487802 2487864
2488444 2488499
2512939 2513000
2513937 2514041
2515150 2515223
2522295 2522354
2624792 2624869
2670020 2670278
2715397 2715602
2911415 2911497
2937811 2938314
3095985 3096178
3126034 3126718
3180830 3180970
3188166 3188521
NZ_AKVW01000002.1_Rhodobacter_sphaeroides_2.4.1_chromosome_2__complete_sequence__whole_genome_shotgun_sequence
1 5302
33719 38974
42263 42544
216114 216286
243578 243735
335845 336155
361386 361866
371594 373103
442854 442909
479983 480037
490629 490715
545063 545165
576017 576098
617348 617483
640111 640185
705157 705285
706476 708693
711505 711616
712352 712942
737228 739036
739308 739697
742256 742316
742883 743357
744267 745149
758431 759494
760217 760309
761350 762341
847171 847240
849982 850187
888219 888723
889066 889149
889620 889975
891112 891218
892894 895044
905055 906224
921191 921606
922252 922382
942574 942929
NZ_AKVW01000005.1_Rhodobacter_sphaeroides_2.4.1_plasmid_C__complete_sequence__whole_genome_shotgun_sequence
1 1462
55871 55993
58242 58443
74560 75065
75434 77435
78317 79143
105095 105281
NZ_AKVW01000003.1_Rhodobacter_sphaeroides_2.4.1_plasmid_Ax__complete_sequence__whole_genome_shotgun_sequence
42031 42165
81614 81734
97730 98170
99631 101849
124084 124310
