NZ_AKVW01000006.1_Rhodobacter_sphaeroides_2.4.1_plasmid_D__complete_sequence__whole_genome_shotgun_sequence
1 52
4904 5235
6171 12177
14555 14622
16264 19075
21544 21938
22971 23148
27587 27738
31091 31317
43074 43300
55524 56562
58139 58486
59110 60107
81700 82060
84146 84499
92159 92223
94261 94354
95004 95238
98264 100819
NZ_AKVW01000004.1_Rhodobacter_sphaeroides_2.4.1_plasmid_B__complete_sequence__whole_genome_shotgun_sequence
1 1519
12705 12906
53821 53889
NZ_AKVW01000007.1_Rhodobacter_sphaeroides_2.4.1_plasmid_Dx__complete_sequence__whole_genome_shotgun_sequence
1 16696
23672 23753
32975 33115
33663 34600
35562 36431
37546 43342
44958 46545
47625 48077
NZ_AKVW01000001.1_Rhodobacter_sphaeroides_2.4.1_chromosome_1__complete_sequence__whole_genome_shotgun_sequence
1 96
41493 41571
89714 89782
117146 117248
131027 131503
146793 147116
147770 148480
222550 223479
224089 224306
226318 226553
228677 229455
233506 234043
238755 238847
240681 241210
248067 248204
248961 249072
251447 253742
287866 288939
307459 307616
366379 366448
400932 401040
432133 432183
482576 482631
503864 504001
537547 537648
559181 559462
595557 595614
597719 597795
601495 601682
603804 603860
608636 608790
637298 637350
645593 647064
648483 648601
650736 651675
667565 667619
668017 668147
668901 668984
672131 672440
672993 673292
691757 692192
725831 725895
756730 756851
772941 773023
785097 785245
816622 816731
826434 826516
854769 854867
878518 878579
976996 977079
1002468 1002534
1012197 1012273
1037204 1037289
1053137 1053208
1195613 1196946
1199747 1199839
1286677 1286750
1287324 1287432
1320408 1320508
1334270 1334328
1345644 1345783
1365363 1365513
1375096 1375174
1384903 1385125
1396232 1396296
1415941 1416004
1424012 1424078
1435246 1436754
1471942 1472005
1475748 1475806
1533737 1533815
1550645 1550743
1578981 1579044
1635142 1635220
1639094 1639234
1716096 1716167
1753056 1753141
1794956 1795021
1817743 1817843
1828017 1828153
1828750 1828838
1919890 1919941
1931291 1931414
1947832 1947926
1998069 1998986
2034421 2034538
2041540 2041609
2048568 2048673
2049779 2049912
2068876 2068973
2130571 2130679
2166784 2166981
2176246 2176956
2260117 2260189
2283779 2283893
2384910 2384985
2412444 2412496
2454720 2454779
2471300 2471378
2487802 2487876
2488409 2488476
2510426 2510575
2512908 2512979
2513937 2514041
2522295 2522354
2559973 2560052
2597064 2597139
2617770 2617831
2624802 2624869
2670020 2670278
2715397 2715602
2911403 2911497
2937811 2938314
2963986 2964035
3030383 3030473
3125987 3126718
3180830 3180970
3188166 3188521
NZ_AKVW01000002.1_Rhodobacter_sphaeroides_2.4.1_chromosome_2__complete_sequence__whole_genome_shotgun_sequence
1 5302
33623 38974
42263 42544
130994 131083
160288 160395
175861 175945
216114 216286
243578 243735
361799 361858
369166 369240
371594 373103
442831 442914
479948 480037
496560 496627
545053 545147
569208 569258
576017 576093
617348 617483
629994 630115
640111 640200
642722 642788
650612 650688
705157 705285
706476 708693
711505 711616
712352 712444
729873 729953
738284 738444
739308 739510
742256 742316
743125 743357
744267 744474
744639 744760
745003 745149
758707 758835
760079 760309
761350 762118
847171 847240
849982 850187
888219 889975
891112 891218
893437 893739
904744 905813
921191 921351
922252 922382
942574 942929
NZ_AKVW01000005.1_Rhodobacter_sphaeroides_2.4.1_plasmid_C__complete_sequence__whole_genome_shotgun_sequence
1 1462
40692 40787
55871 55993
58242 58316
61700 61753
74560 77522
78146 79287
105095 105281
NZ_AKVW01000003.1_Rhodobacter_sphaeroides_2.4.1_plasmid_Ax__complete_sequence__whole_genome_shotgun_sequence
27306 28070
42031 42165
71576 71795
81614 81734
98099 98168
99631 101849
108151 108252
117758 117825
124084 124310
