NZ_AKVW01000006.1_Rhodobacter_sphaeroides_2.4.1_plasmid_D__complete_sequence__whole_genome_shotgun_sequence
7060 7788
17511 17891
18336 18823
NZ_AKVW01000004.1_Rhodobacter_sphaeroides_2.4.1_plasmid_B__complete_sequence__whole_genome_shotgun_sequence
437 514
NZ_AKVW01000007.1_Rhodobacter_sphaeroides_2.4.1_plasmid_Dx__complete_sequence__whole_genome_shotgun_sequence
43153 43297
45013 46540
47767 48082
NZ_AKVW01000001.1_Rhodobacter_sphaeroides_2.4.1_chromosome_1__complete_sequence__whole_genome_shotgun_sequence
1 2425
81418 81502
146766 147094
175400 175453
228877 229168
252104 252157
393724 394223
426963 427041
537598 537715
601460 601652
608642 608839
698742 698904
770839 770921
850028 850096
884050 884158
1012197 1012251
1056983 1057125
1195609 1195679
1199706 1199758
1376146 1376227
1384925 1384993
1436317 1436378
1475807 1475881
1828821 1828896
1978117 1978211
1998965 1999385
2033704 2033759
2253118 2253247
2472351 2472441
2522151 2522278
2565607 2565683
2670060 2670211
2715350 2715606
2861773 2861889
2927807 2927864
2938259 2938336
3180799 3180864
3188349 3188521
NZ_AKVW01000002.1_Rhodobacter_sphaeroides_2.4.1_chromosome_2__complete_sequence__whole_genome_shotgun_sequence
70555 70646
243656 243776
252294 252365
335171 335286
339347 339472
361765 361856
371971 372098
706913 708035
712864 712938
849988 850174
894407 894921
NZ_AKVW01000005.1_Rhodobacter_sphaeroides_2.4.1_plasmid_C__complete_sequence__whole_genome_shotgun_sequence
950 1077
NZ_AKVW01000003.1_Rhodobacter_sphaeroides_2.4.1_plasmid_Ax__complete_sequence__whole_genome_shotgun_sequence
39550 39610
42021 42092
44984 45087
100717 100844
104549 104757
