NZ_AKVW01000006.1_Rhodobacter_sphaeroides_2.4.1_plasmid_D__complete_sequence__whole_genome_shotgun_sequence
7062 8247
14605 16209
17421 18917
22971 23069
24719 24773
58329 58481
NZ_AKVW01000004.1_Rhodobacter_sphaeroides_2.4.1_plasmid_B__complete_sequence__whole_genome_shotgun_sequence
12725 12826
14804 14918
58805 59092
103374 103957
NZ_AKVW01000007.1_Rhodobacter_sphaeroides_2.4.1_plasmid_Dx__complete_sequence__whole_genome_shotgun_sequence
1 10390
43113 43297
44963 46422
47881 48088
NZ_AKVW01000001.1_Rhodobacter_sphaeroides_2.4.1_chromosome_1__complete_sequence__whole_genome_shotgun_sequence
1 2431
18058 18119
29219 29298
44237 44332
48499 48661
81409 81504
96915 97512
114469 114577
117120 117172
125199 125304
131058 131502
133424 133479
146737 147168
157012 157182
171073 171208
175123 175482
210861 211044
222851 223375
228573 229888
238552 239421
252104 252162
253128 253345
278136 278219
284227 284352
289759 289855
317522 317616
365508 365572
378406 378483
379381 379476
393724 394223
426963 427140
434895 434956
436057 436452
471106 471168
479601 479735
530964 531071
537528 537792
564008 564151
566335 566429
577669 577806
601381 601654
608632 608843
645653 646570
651541 651656
667818 668012
673078 673264
684019 684152
698734 698894
716400 716533
717223 717283
734584 734692
762735 763223
768534 768617
770838 770921
773838 773892
780886 780982
781598 782225
816545 816617
826343 826529
844086 844135
850027 850106
853435 853502
878475 878589
884050 884164
925679 925791
961411 961572
1000229 1000572
1002458 1002528
1012197 1012251
1056978 1057139
1062012 1062123
1107605 1107676
1163558 1163664
1184754 1184853
1195606 1195702
1196341 1196420
1199706 1199765
1216253 1216364
1230371 1230463
1236145 1236198
1237448 1237512
1262883 1263031
1286643 1286745
1318835 1318976
1328538 1328668
1333194 1333291
1348492 1348848
1376135 1376320
1378551 1378691
1381886 1381981
1384901 1385103
1394024 1394111
1396953 1397049
1415903 1416017
1481718 1481810
1489721 1489799
1494209 1494723
1497015 1497065
1520656 1520708
1533752 1533865
1550573 1551214
1571803 1571910
1583648 1583905
1598748 1598937
1607033 1607274
1612231 1612332
1620495 1620580
1621721 1621813
1726782 1726879
1728735 1728931
1735373 1736031
1741946 1742309
1749890 1750059
1751111 1751228
1752643 1753058
1756156 1756274
1759194 1759298
1760913 1761026
1764695 1764806
1783136 1783388
1815332 1815546
1817743 1818435
1828810 1828902
1858534 1858613
1866738 1866842
1883531 1883665
1892037 1892159
1919892 1919995
1966386 1966478
1977631 1978211
1992666 1992799
1998838 1999816
2033695 2033765
2034854 2035001
2039068 2039174
2040212 2040267
2049884 2049955
2053500 2053796
2075312 2075389
2082979 2083048
2149702 2149819
2153799 2153919
2181703 2181789
2204353 2204434
2245268 2245821
2253118 2253248
2256212 2256291
2260771 2260932
2269054 2269158
2279561 2280025
2283880 2283949
2292971 2293107
2298538 2298653
2308207 2308600
2312330 2312676
2328110 2328199
2339481 2339532
2343967 2344095
2363218 2363282
2384961 2385050
2399799 2400058
2412415 2412466
2416210 2416362
2417358 2417426
2419756 2420005
2433600 2433697
2453458 2453557
2457333 2457626
2459106 2459619
2467714 2467809
2471279 2471698
2472349 2472459
2481779 2481981
2488077 2488517
2492905 2493027
2522117 2522291
2532173 2532394
2533968 2534018
2537247 2537343
2544883 2545347
2565517 2565684
2575750 2575940
2593061 2593209
2597012 2597175
2611127 2611316
2617770 2618139
2624485 2625236
2670036 2670242
2674364 2674453
2675400 2675503
2682763 2682892
2686527 2686657
2715348 2715606
2740516 2740643
2743028 2743102
2759842 2759929
2766132 2766370
2774210 2774280
2781403 2782043
2795848 2795943
2841234 2841305
2861776 2861915
2876585 2876937
2890911 2891072
2927807 2927893
2930303 2930441
2938261 2938347
2953412 2953523
2976635 2976779
3011165 3011255
3057141 3057204
3062284 3062403
3066213 3066297
3072214 3072274
3091745 3091814
3101126 3101200
3127116 3127165
3133817 3134383
3137149 3137226
3141225 3141325
3144553 3144625
3159541 3160109
3160832 3160934
3180782 3180996
3188349 3188521
NZ_AKVW01000002.1_Rhodobacter_sphaeroides_2.4.1_chromosome_2__complete_sequence__whole_genome_shotgun_sequence
70554 70649
83017 83143
103309 103393
106117 106195
138179 138268
146692 146776
160284 160388
173064 173178
175444 175834
180592 180662
190436 190525
200884 200984
223934 224078
237482 237710
243656 243782
248263 248389
252277 252994
275049 275142
331517 331593
337681 337770
339323 339474
361750 361863
375987 376051
382145 382544
383323 383397
405688 405835
420701 420857
430127 430183
442782 442875
479864 480064
480943 481048
497214 497355
500158 500250
507868 507949
518884 518935
545014 545248
559479 559801
564941 566346
571252 571744
573470 573594
574473 574523
575334 576749
595843 595977
640027 640287
707096 707527
715569 715691
717266 717367
729783 729843
738956 739014
744387 744748
759991 760324
761452 762321
777805 777938
846446 846680
849982 850289
888518 888915
889570 889642
894257 894930
933560 933745
NZ_AKVW01000005.1_Rhodobacter_sphaeroides_2.4.1_plasmid_C__complete_sequence__whole_genome_shotgun_sequence
58221 58367
77365 77517
NZ_AKVW01000003.1_Rhodobacter_sphaeroides_2.4.1_plasmid_Ax__complete_sequence__whole_genome_shotgun_sequence
2276 2345
39550 39610
42021 42108
44955 45096
69122 69211
104538 104761
