NZ_AKVW01000006.1_Rhodobacter_sphaeroides_2.4.1_plasmid_D__complete_sequence__whole_genome_shotgun_sequence
7062 8247
14605 16209
17421 18917
22971 23069
24719 24773
58329 58481
NZ_AKVW01000004.1_Rhodobacter_sphaeroides_2.4.1_plasmid_B__complete_sequence__whole_genome_shotgun_sequence
12725 12826
14804 14918
58978 59092
103828 103957
NZ_AKVW01000007.1_Rhodobacter_sphaeroides_2.4.1_plasmid_Dx__complete_sequence__whole_genome_shotgun_sequence
1 10390
43113 43297
44963 46422
47881 48088
NZ_AKVW01000001.1_Rhodobacter_sphaeroides_2.4.1_chromosome_1__complete_sequence__whole_genome_shotgun_sequence
1 2431
18058 18119
44237 44332
48499 48661
81409 81504
97395 97512
114469 114577
117120 117172
125199 125304
146737 147168
157012 157182
171073 171208
175385 175482
210861 211044
222851 223375
228573 228755
238552 239421
252104 252162
253128 253345
278136 278219
284227 284352
289759 289855
317522 317616
378406 378483
379381 379476
393724 393822
426963 427140
434895 434956
436310 436452
479601 479735
530964 531071
537528 537792
564008 564151
566335 566429
577669 577806
601381 601654
608632 608843
645653 647186
651541 651656
667818 668012
673078 673264
684019 684152
698734 698894
716400 716533
734584 734692
770838 770921
780886 780982
781598 782225
816545 816617
826343 826529
850027 850106
878475 878589
884050 884164
925679 925791
961411 961572
1000229 1000322
1002458 1002528
1056978 1057139
1062012 1062123
1163558 1163664
1184754 1184853
1195606 1195702
1196341 1196420
1199706 1199765
1216253 1216364
1230371 1230463
1237448 1237512
1262883 1263031
1286643 1286745
1318835 1318976
1328538 1328668
1333194 1333291
1348756 1348848
1376135 1376320
1378551 1378691
1381886 1381981
1384901 1385103
1394024 1394111
1396953 1397049
1415903 1416017
1481718 1481810
1489721 1489799
1494209 1494723
1533752 1533865
1550573 1550724
1571803 1571910
1583648 1583709
1598748 1598937
1607033 1607274
1612231 1612332
1620495 1620580
1621721 1621813
1726782 1726879
1728735 1728931
1735373 1735544
1741946 1742000
1749890 1750059
1751111 1751228
1752643 1752747
1756156 1756274
1759194 1759298
1760913 1761026
1764695 1764806
1783136 1783388
1815332 1815546
1817743 1818208
1828810 1828902
1858534 1858613
1866738 1866842
1883531 1883665
1892037 1892159
1919892 1919995
1966386 1966478
1978100 1978211
1992666 1992799
1998838 1999385
2033695 2033765
2039068 2039174
2053500 2053606
2082979 2083048
2149702 2149819
2153799 2153919
2181703 2181789
2204353 2204434
2245268 2245367
2253118 2253248
2256212 2256291
2260771 2260932
2269054 2269158
2279561 2279635
2283880 2283949
2292971 2293107
2298538 2298653
2312544 2312676
2328110 2328199
2339481 2339532
2343967 2344095
2384961 2385050
2399799 2400058
2412415 2412466
2416210 2416362
2419756 2420005
2433600 2433697
2453458 2453557
2457333 2457413
2467714 2467809
2471279 2471378
2472349 2472459
2481779 2481981
2488404 2488517
2492905 2493027
2522117 2522291
2532173 2532394
2537247 2537343
2565517 2565684
2575750 2575940
2593061 2593209
2597012 2597175
2611127 2611316
2617770 2617968
2624485 2625236
2670036 2670242
2674364 2674453
2675400 2675503
2682763 2682892
2686527 2686657
2715348 2715487
2740516 2740643
2759842 2759929
2766132 2766370
2774210 2774280
2781926 2782043
2795848 2795943
2861776 2861915
2890911 2891072
2927807 2927893
2930303 2930441
2938261 2938347
2953412 2953523
2976635 2976779
3011165 3011255
3062284 3062403
3066213 3066297
3101126 3101200
3133817 3134104
3137149 3137226
3141225 3141325
3159954 3160109
3160832 3160934
3180782 3180996
3188349 3188521
NZ_AKVW01000002.1_Rhodobacter_sphaeroides_2.4.1_chromosome_2__complete_sequence__whole_genome_shotgun_sequence
70554 70649
83017 83143
103309 103393
106117 106195
138179 138268
146692 146776
160284 160388
173064 173178
175709 175834
180592 180662
190436 190525
200884 200984
223934 224078
237623 237710
243656 243782
248263 248389
252277 252374
275049 275142
337681 337770
339323 339474
361750 361863
382462 382544
383323 383397
405688 405835
420701 420857
442782 442875
479864 480064
480943 481048
497214 497355
500158 500250
545014 545248
564941 566159
573470 573594
575790 576749
595843 595977
640027 640287
707096 707527
715569 715691
717266 717367
738956 739014
759991 760324
761452 762321
777805 777938
849982 850289
888518 888915
889570 889642
893729 894930
933560 933745
NZ_AKVW01000005.1_Rhodobacter_sphaeroides_2.4.1_plasmid_C__complete_sequence__whole_genome_shotgun_sequence
58221 58367
77365 77517
NZ_AKVW01000003.1_Rhodobacter_sphaeroides_2.4.1_plasmid_Ax__complete_sequence__whole_genome_shotgun_sequence
2276 2345
39550 39610
42021 42108
44955 45096
69122 69211
104538 104761
